17409040023
17409040024
17409040025
17409040026
17409040027
17409040028
17409040029
17409040030
17409040031
17409040032
17409040033
17409040034
17409040035
17409040036
17409040037
17409040038
17409040039
17409040040
17409040041
17409040042
17409040043
17409040044
17409040045
17409040046
17409040047
17409040048
17409040049
17409040050
17409040051
17409040052
17409040053
17409040054
17409040055
17409040056
17409040057
17409040058
17409040059
17409040060
17409040061
17409040062
17409040063
17409040064
17409040065
17409040066
17409040067
17409040068
17409040069
17409040070
17409040071
17409040072
17409040073
17409040074
17409040075
17409040076
17409040077
17409040078
17409040079
17409040080
17409040081
17409040082
17409040083
17409040084
17409040085
17409040086
17409040087
17409040088
17409040089
17409040090
17409040091
17409040092
17409040093
17409040094
17409040095
17409040096
17409040097
17409040098
17409040099
17409040100
17409040101
17409040102
17409040103
17409040104
17409040105
17409040106
17409040107
17409040108
17409040109
17409040110
17409040111
17409040112
17409040113
17409040114
17409040115
17409040116
17409040117
17409040118
17409040119
17409040120
17409040121
17409040122
17409040123
17409040124
17409040125
17409040126
17409040127
17409040128
17409040129
17409040130
17409040131
17409040132
17409040133
17409040134
17409040135
17409040136
17409040137
17409040138
17409040139
17409040140
17409040141
17409040142
17409040143
17409040144
17409040145
17409040146
17409040147
17409040148
17409040149
17409040150
17409040151
17409040152
17409040153
17409040154
17409040155
17409040156
17409040157
17409040158
17409040159
17409040160
17409040161
17409040162
17409040163
17409040164
17409040165
17409040166
17409040167
17409040168
17409040169
17409040170
17409040171
17409040172
17409040173
17409040174
17409040175
17409040176
17409040177
17409040178
17409040179
17409040180
17409040181
17409040182
17409040183
17409040184
17409040185
17409040186
17409040187
17409040188
17409040189
17409040190
17409040191
17409040192
17409040193
17409040194
17409040195
17409040196
17409040197
17409040198
17409040199
17409040200
17409040201
17409040202
17409040203
17409040204
17409040205
17409040206
17409040207
17409040208
17409040209
17409040210
17409040211
17409040212
17409040213
17409040214
17409040215
17409040216
17409040217
17409040218
17409040219
17409040220
17409040221
17409040222
17409040223
17409040224
17409040225
17409040226
17409040227
17409040228
17409040229
17409040230
17409040231
17409040232
17409040233
17409040234
17409040235
17409040236
17409040237
17409040238
17409040239
17409040240
17409040241
17409040242
17409040243
17409040244
17409040245
17409040246
17409040247
17409040248
17409040249
17409040250
17409040251
17409040252
17409040253
17409040254
17409040255
17409040256
17409040257
17409040258
17409040259
17409040260
17409040261
17409040262
17409040263
17409040264
17409040265
17409040266
17409040267
17409040268
17409040269
17409040270
17409040271
17409040272
17409040273
17409040274
17409040275
17409040276
17409040277
17409040278
17409040279
17409040280
17409040281
17409040282
17409040283
17409040284
17409040285
17409040286
17409040287
17409040288
17409040289
17409040290
17409040291
17409040292
17409040293
17409040294
17409040295
17409040296
17409040297
17409040298
17409040299
17409040300
17409040301
17409040302
17409040303
17409040304
17409040305
17409040306
17409040307
17409040308
17409040309
17409040310
17409040311
17409040312
17409040313
17409040314
17409040315
17409040316
17409040317
17409040318
17409040319
17409040320
17409040321
17409040322
17409040323
17409040324
17409040325
17409040326
17409040327
17409040328
17409040329
17409040330
17409040331
17409040332
17409040333
17409040334
17409040335
17409040336
17409040337
17409040338
17409040339
17409040340
17409040341
17409040342
17409040343
17409040344
17409040345
17409040346
17409040347
17409040348
17409040349
17409040350
17409040351
17409040352
17409040353
17409040354
17409040355
17409040356
17409040357
17409040358
17409040359
17409040360
17409040361
17409040362
17409040363
17409040364
17409040365
17409040366
17409040367
17409040368
17409040369
17409040370
17409040371
17409040372
17409040373
17409040374
17409040375
17409040376
17409040377
17409040378
17409040379
17409040380
17409040381
17409040382
17409040383
17409040384
17409040385
17409040386
17409040387
17409040388
17409040389
